
2018-10-20

完善 SPI驱动 解决存储异常问题
restore spi


   
  1 
   开始传输
   
   68 00 08 00 10 00 00 02 28 00 64 0E 16
  
帧头  控制码 数据长度  存入起始地址  帧数   像素点 		间隔时间ms 校验和        帧尾
   0x68  0x00  0x08  0x001-000     0x0002 		0x28    0x0064       校验       0x16
									两帧	 40个像素	100ms延时			
				

	返回数据：
	68 00 16 
									
  2
	读取开始传输数据
	
	68 01 00 69 16
	
	 帧头  控制码 数据长度  校验和      帧尾
   0x68  0x01  0x00    校验       0x16
	
	返回数据：
	 68 00 08 00 00 00 00 02 28 00 64 FE 16 
	 
	 
	 3 
	 写入数据：
	 
	68 02 7B 00 10 00 77 00 89 77 00 89 77 00 89 77 00 89 77 00 89 77 00 89 77 00 89 77 00 89 77 00 89 77 00 89 77 00 89 77 00 89 77 00 89 77 00 89 77 00 89 77 00 89 77 00 89 77 00 89 77 00 89 77 00 89 77 00 89 77 00 89 77 00 89 77 00 89 77 00 89 77 00 89 77 00 89 77 00 89 77 00 89 77 00 89 77 00 89 77 00 89 77 00 89 77 00 89 77 00 89 77 00 89 77 00 89 77 00 89 77 00 89 77 00 89 F5 16 

	帧头  控制码 数据长度  存入起始地址 数据域     校验和          帧尾
            0x68  0x02  0x08  0x000000    ******    校验           0x16
	
	
	68 02 7B 00 10 78 12 00 EE 12 00 EE 12 00 EE 12 00 EE 12 00 EE 12 00 EE 12 00 EE 12 00 EE 12 00 EE 12 00 EE 12 00 EE 12 00 EE 12 00 EE 12 00 EE 12 00 EE 12 00 EE 12 00 EE 12 00 EE 12 00 EE 12 00 EE 12 00 EE 12 00 EE 12 00 EE 12 00 EE 12 00 EE 12 00 EE 12 00 EE 12 00 EE 12 00 EE 12 00 EE 12 00 EE 12 00 EE 12 00 EE 12 00 EE 12 00 EE 12 00 EE 12 00 EE 12 00 EE 12 00 EE 12 00 EE 6D 16 
	
	
	
	 68 02 16 
	 
	 4 
	 读出数据：
	 
	 68 03 03 00 10 00 7E 16
	      帧头  控制码 数据长度  存入起始地址   校验和          帧尾
            0x68  0x03  0x03  0x000000       校验           0x16
	 
	68 03 7B 00 10 00 77 00 89 77 00 89 77 00 89 77 00 89 77 00 89 77 00 89 77 00 89 77 00 89 77 00 89 77 00 89 77 00 89 77 00 89 77 00 89 77 00 89 77 00 89 77 00 89 77 00 89 77 00 89 77 00 89 77 00 89 77 00 89 77 00 89 77 00 89 77 00 89 77 00 89 77 00 89 77 00 89 77 00 89 77 00 89 77 00 89 77 00 89 77 00 89 77 00 89 77 00 89 77 00 89 77 00 89 77 00 89 77 00 89 77 00 89 77 00 89 F6 16 
	
	
	 68 03 03 00 10 78 F6 16
	 
	 68 03 7B 00 10 78 77 00 89 77 00 89 77 00 89 77 00 89 77 00 89 77 00 89 77 00 89 77 00 89 77 00 89 77 00 89 77 00 89 77 00 89 77 00 89 77 00 89 77 00 89 77 00 89 77 00 89 77 00 89 77 00 89 77 00 89 77 00 89 77 00 89 77 00 89 77 00 89 77 00 89 77 00 89 77 00 89 77 00 89 77 00 89 77 00 89 77 00 89 77 00 89 77 00 89 77 00 89 77 00 89 77 00 89 77 00 89 77 00 89 77 00 89 77 00 89 6E 16 
	 
	 5 结束传输
	 
	68 04 00 6C 16
	  
	        帧头  控制码  数据长度  校验和      帧尾
            0x68  0x04   0x00    校验       0x16
	返回：
	68 04 16 
	 
	 
	 
	 
	 